000000000000000000
000000000000000000
000000000000000000
000000000000000000
000000000000000000
000000000000000000
000000000000000000
000000000000000000
000000000000000000
000000000000000000
000000000000000000
000000000000000001
000000000000000001
000000000000000001
000000000000000010
000000000000000010
000000000000000011
000000000000000011
000000000000000100
000000000000000100
000000000000000100
000000000000000100
000000000000000011
000000000000000010
000000000000000001
111111111111111110
111111111111111100
111111111111111000
111111111111110100
111111111111110000
111111111111101100
111111111111101000
111111111111100100
111111111111100001
111111111111011110
111111111111011110
111111111111100000
111111111111100011
111111111111101010
111111111111110011
000000000000000000
000000000000001111
000000000000100010
000000000000110110
000000000001001100
000000000001100010
000000000001111000
000000000010001100
000000000010011100
000000000010100111
000000000010101011
000000000010100111
000000000010011000
000000000001111111
000000000001011010
000000000000101010
111111111111101110
111111111110101000
111111111101011010
111111111100000111
111111111010110010
111111111001011111
111111111000010011
111111110111010011
111111110110100101
111111110110001110
111111110110010010
111111110110110110
111111110111111100
111111111001100111
111111111011110111
111111111110101010
000000000001111011
000000000101100110
000000001001100010
000000001101100110
000000010001100100
000000010101010001
000000011000011101
000000011010111011
000000011100011101
000000011100110110
000000011011111011
000000011001100011
000000010101101011
000000010000010001
000000001001011011
000000000001010001
111111111000000001
111111101110000000
111111100011100101
111111011001001101
111111001111010111
111111000110100101
111110111111011001
111110111010010101
111110110111110111
111110111000011010
111110111100010010
111111000011101010
111111001110101000
111111011101000100
111111101110101100
000000000011000011
000000011001100010
000000110001010100
000001001001011110
000001100000111101
000001110110101000
000010001001010101
000010010111111001
000010100001001110
000010100100010110
000010100000011110
000010010101000001
000010000001101100
000001100110100000
000001000011110100
000000011010010110
111111101011001011
111110110111101111
111110000001110011
111101001011011100
111100010110111100
111011100110110001
111010111101011111
111010011101101010
111010001001110000
111010000100000011
111010001110100011
111010101010111001
111011011010010001
111100011101010101
111101110100001011
111111011110010010
000001011010100010
000011100111001001
000110000001110011
001000100111100111
001011010101001110
001110000110111011
010000111000101100
010011100110011011
010110001011111010
011000100101000100
011010101110000011
011100100011010110
011110000001111100
011111000111010110
011111110001101111
011111111111111110
011111110001101111
011111000111010110
011110000001111100
011100100011010110
011010101110000011
011000100101000100
010110001011111010
010011100110011011
010000111000101100
001110000110111011
001011010101001110
001000100111100111
000110000001110011
000011100111001001
000001011010100010
111111011110010010
111101110100001011
111100011101010101
111011011010010001
111010101010111001
111010001110100011
111010000100000011
111010001001110000
111010011101101010
111010111101011111
111011100110110001
111100010110111100
111101001011011100
111110000001110011
111110110111101111
111111101011001011
000000011010010110
000001000011110100
000001100110100000
000010000001101100
000010010101000001
000010100000011110
000010100100010110
000010100001001110
000010010111111001
000010001001010101
000001110110101000
000001100000111101
000001001001011110
000000110001010100
000000011001100010
000000000011000011
111111101110101100
111111011101000100
111111001110101000
111111000011101010
111110111100010010
111110111000011010
111110110111110111
111110111010010101
111110111111011001
111111000110100101
111111001111010111
111111011001001101
111111100011100101
111111101110000000
111111111000000001
000000000001010001
000000001001011011
000000010000010001
000000010101101011
000000011001100011
000000011011111011
000000011100110110
000000011100011101
000000011010111011
000000011000011101
000000010101010001
000000010001100100
000000001101100110
000000001001100010
000000000101100110
000000000001111011
111111111110101010
111111111011110111
111111111001100111
111111110111111100
111111110110110110
111111110110010010
111111110110001110
111111110110100101
111111110111010011
111111111000010011
111111111001011111
111111111010110010
111111111100000111
111111111101011010
111111111110101000
111111111111101110
000000000000101010
000000000001011010
000000000001111111
000000000010011000
000000000010100111
000000000010101011
000000000010100111
000000000010011100
000000000010001100
000000000001111000
000000000001100010
000000000001001100
000000000000110110
000000000000100010
000000000000001111
000000000000000000
111111111111110011
111111111111101010
111111111111100011
111111111111100000
111111111111011110
111111111111011110
111111111111100001
111111111111100100
111111111111101000
111111111111101100
111111111111110000
111111111111110100
111111111111111000
111111111111111100
111111111111111110
000000000000000001
000000000000000010
000000000000000011
000000000000000100
000000000000000100
000000000000000100
000000000000000100
000000000000000011
000000000000000011
000000000000000010
000000000000000010
000000000000000001
000000000000000001
000000000000000001
000000000000000000
000000000000000000
000000000000000000
000000000000000000
000000000000000000
000000000000000000
000000000000000000
000000000000000000
000000000000000000
000000000000000000
000000000000000000
