111111111111111111111011
111111111111111111111110
000000000000000000000100
000000000000000000010011
000000000000000000101000
000000000000000001000000
000000000000000001001111
000000000000000001000100
000000000000000000001111
111111111111111110100101
111111111111111100001100
111111111111111001100010
111111111111110111100010
111111111111110111011001
111111111111111010010110
000000000000000001001010
000000000000001011100011
000000000000010111110011
000000000000100010101100
000000000000100111110011
000000000000100010101000
000000000000010000000001
111111111111101111110111
111111111111000110010101
111111111110011100011110
111111111101111111000000
111111111101111011110100
111111111110011110000011
111111111111101001100100
000000000001010111001101
000000000011010011001000
000000000100111110100100
000000000101110101010011
000000000101010110101100
000000000011010000010011
111111111111100111011110
111111111010111110111011
111111110110010101010011
111111110010111011011010
111111110010000010100010
111111110100100101111111
111111111010110100111100
000000000100000010111011
000000001110100100110111
000000010111111110100111
000000011101100001000011
000000011100110100010001
000000010100100101010101
000000000101001011110110
111111110000111011110000
111111011011111010010010
111111001011010011000001
111111000100010001111000
111111001010101110010111
111111011111111011010000
000000000001101111011111
000000101010011011010111
000001010001010100011010
000001101100010111101000
000001110010010011111000
000001011101000010011010
000000101011101100101110
111111100011111101100110
111110010010000011011011
111101000111010111111010
111100010111110011110000
111100010110001000111011
111101010000001100101101
111111001011100010100111
000010000011010111000001
000101101000001010111010
001001100001011110001000
001101010001001011011011
010000011000010011000100
010010011011111110011011
010011001010000000110101
010010011011111110011011
010000011000010011000100
001101010001001011011011
001001100001011110001000
000101101000001010111010
000010000011010111000001
111111001011100010100111
111101010000001100101101
111100010110001000111011
111100010111110011110000
111101000111010111111010
111110010010000011011011
111111100011111101100110
000000101011101100101110
000001011101000010011010
000001110010010011111000
000001101100010111101000
000001010001010100011010
000000101010011011010111
000000000001101111011111
111111011111111011010000
111111001010101110010111
111111000100010001111000
111111001011010011000001
111111011011111010010010
111111110000111011110000
000000000101001011110110
000000010100100101010101
000000011100110100010001
000000011101100001000011
000000010111111110100111
000000001110100100110111
000000000100000010111011
111111111010110100111100
111111110100100101111111
111111110010000010100010
111111110010111011011010
111111110110010101010011
111111111010111110111011
111111111111100111011110
000000000011010000010011
000000000101010110101100
000000000101110101010011
000000000100111110100100
000000000011010011001000
000000000001010111001101
111111111111101001100100
111111111110011110000011
111111111101111011110100
111111111101111111000000
111111111110011100011110
111111111111000110010101
111111111111101111110111
000000000000010000000001
000000000000100010101000
000000000000100111110011
000000000000100010101100
000000000000010111110011
000000000000001011100011
000000000000000001001010
111111111111111010010110
111111111111110111011001
111111111111110111100010
111111111111111001100010
111111111111111100001100
111111111111111110100101
000000000000000000001111
000000000000000001000100
000000000000000001001111
000000000000000001000000
000000000000000000101000
000000000000000000010011
000000000000000000000100
111111111111111111111110
111111111111111111111011
