111111111111111111111110
000000000000000000000000
000000000000000000000000
000000000000000000000000
111111111111111111111111
000000000000000000000000
111111111111111111111111
000000000000000000000000
111111111111111111111111
000000000000000000000000
111111111111111111111111
000000000000000000000000
111111111111111111111111
000000000000000000000000
111111111111111111111111
000000000000000000000000
111111111111111111111111
000000000000000000000000
111111111111111111111110
000000000000000000000000
111111111111111111111110
000000000000000000000000
111111111111111111111110
000000000000000000000000
111111111111111111111110
000000000000000000000000
111111111111111111111101
000000000000000000000000
111111111111111111111101
000000000000000000000000
111111111111111111111100
000000000000000000000000
111111111111111111111100
000000000000000000000000
111111111111111111111100
000000000000000000000000
111111111111111111111011
000000000000000000000000
111111111111111111111010
000000000000000000000000
111111111111111111111010
000000000000000000000000
111111111111111111111001
000000000000000000000000
111111111111111111111000
000000000000000000000000
111111111111111111111000
000000000000000000000000
111111111111111111110111
000000000000000000000000
111111111111111111110110
000000000000000000000000
111111111111111111110101
000000000000000000000000
111111111111111111110100
000000000000000000000000
111111111111111111110010
000000000000000000000000
111111111111111111110001
000000000000000000000000
111111111111111111110000
000000000000000000000000
111111111111111111101110
000000000000000000000000
111111111111111111101101
000000000000000000000000
111111111111111111101011
000000000000000000000000
111111111111111111101001
000000000000000000000000
111111111111111111100111
000000000000000000000000
111111111111111111100101
000000000000000000000000
111111111111111111100011
000000000000000000000000
111111111111111111100000
000000000000000000000000
111111111111111111011110
000000000000000000000000
111111111111111111011011
000000000000000000000000
111111111111111111011000
000000000000000000000000
111111111111111111010101
000000000000000000000000
111111111111111111010001
000000000000000000000000
111111111111111111001110
000000000000000000000000
111111111111111111001010
000000000000000000000000
111111111111111111000110
000000000000000000000000
111111111111111111000001
000000000000000000000000
111111111111111110111101
000000000000000000000000
111111111111111110111000
000000000000000000000000
111111111111111110110011
000000000000000000000000
111111111111111110101101
000000000000000000000000
111111111111111110101000
000000000000000000000000
111111111111111110100001
000000000000000000000000
111111111111111110011011
000000000000000000000000
111111111111111110010100
000000000000000000000000
111111111111111110001101
000000000000000000000000
111111111111111110000101
000000000000000000000000
111111111111111101111101
000000000000000000000000
111111111111111101110101
000000000000000000000000
111111111111111101101100
000000000000000000000000
111111111111111101100010
000000000000000000000000
111111111111111101011000
000000000000000000000000
111111111111111101001110
000000000000000000000000
111111111111111101000011
000000000000000000000000
111111111111111100110111
000000000000000000000000
111111111111111100101011
000000000000000000000000
111111111111111100011110
000000000000000000000000
111111111111111100010001
000000000000000000000000
111111111111111100000011
000000000000000000000000
111111111111111011110100
000000000000000000000000
111111111111111011100100
000000000000000000000000
111111111111111011010100
000000000000000000000000
111111111111111011000011
000000000000000000000000
111111111111111010110001
000000000000000000000000
111111111111111010011110
000000000000000000000000
111111111111111010001011
000000000000000000000000
111111111111111001110110
000000000000000000000000
111111111111111001100001
000000000000000000000000
111111111111111001001010
000000000000000000000000
111111111111111000110011
000000000000000000000000
111111111111111000011010
000000000000000000000000
111111111111111000000001
000000000000000000000000
111111111111110111100110
000000000000000000000000
111111111111110111001010
000000000000000000000000
111111111111110110101101
000000000000000000000000
111111111111110110001111
000000000000000000000000
111111111111110101101111
000000000000000000000000
111111111111110101001110
000000000000000000000000
111111111111110100101100
000000000000000000000000
111111111111110100001000
000000000000000000000000
111111111111110011100011
000000000000000000000000
111111111111110010111100
000000000000000000000000
111111111111110010010100
000000000000000000000000
111111111111110001101010
000000000000000000000000
111111111111110000111111
000000000000000000000000
111111111111110000010010
000000000000000000000000
111111111111101111100011
000000000000000000000000
111111111111101110110010
000000000000000000000000
111111111111101101111111
000000000000000000000000
111111111111101101001011
000000000000000000000000
111111111111101100010100
000000000000000000000000
111111111111101011011100
000000000000000000000000
111111111111101010100001
000000000000000000000000
111111111111101001100100
000000000000000000000000
111111111111101000100101
000000000000000000000000
111111111111100111100011
000000000000000000000000
111111111111100110100000
000000000000000000000000
111111111111100101011001
000000000000000000000000
111111111111100100010001
000000000000000000000000
111111111111100011000110
000000000000000000000000
111111111111100001111000
000000000000000000000000
111111111111100000100111
000000000000000000000000
111111111111011111010100
000000000000000000000000
111111111111011101111101
000000000000000000000000
111111111111011100100100
000000000000000000000000
111111111111011011001000
000000000000000000000000
111111111111011001101001
000000000000000000000000
111111111111011000000110
000000000000000000000000
111111111111010110100001
000000000000000000000000
111111111111010100111000
000000000000000000000000
111111111111010011001011
000000000000000000000000
111111111111010001011011
000000000000000000000000
111111111111001111101000
000000000000000000000000
111111111111001101110000
000000000000000000000000
111111111111001011110101
000000000000000000000000
111111111111001001110110
000000000000000000000000
111111111111000111110100
000000000000000000000000
111111111111000101101101
000000000000000000000000
111111111111000011100001
000000000000000000000000
111111111111000001010010
000000000000000000000000
111111111110111110111110
000000000000000000000000
111111111110111100100110
000000000000000000000000
111111111110111010001001
000000000000000000000000
111111111110110111101000
000000000000000000000000
111111111110110101000001
000000000000000000000000
111111111110110010010110
000000000000000000000000
111111111110101111100101
000000000000000000000000
111111111110101100110000
000000000000000000000000
111111111110101001110101
000000000000000000000000
111111111110100110110101
000000000000000000000000
111111111110100011101111
000000000000000000000000
111111111110100000100100
000000000000000000000000
111111111110011101010010
000000000000000000000000
111111111110011001111011
000000000000000000000000
111111111110010110011110
000000000000000000000000
111111111110010010111010
000000000000000000000000
111111111110001111010000
000000000000000000000000
111111111110001011100000
000000000000000000000000
111111111110000111101001
000000000000000000000000
111111111110000011101011
000000000000000000000000
111111111101111111100101
000000000000000000000000
111111111101111011011001
000000000000000000000000
111111111101110111000110
000000000000000000000000
111111111101110010101011
000000000000000000000000
111111111101101110001000
000000000000000000000000
111111111101101001011101
000000000000000000000000
111111111101100100101010
000000000000000000000000
111111111101011111101111
000000000000000000000000
111111111101011010101100
000000000000000000000000
111111111101010101011111
000000000000000000000000
111111111101010000001010
000000000000000000000000
111111111101001010101100
000000000000000000000000
111111111101000101000100
000000000000000000000000
111111111100111111010011
000000000000000000000000
111111111100111001011000
000000000000000000000000
111111111100110011010010
000000000000000000000000
111111111100101101000010
000000000000000000000000
111111111100100110101000
000000000000000000000000
111111111100100000000011
000000000000000000000000
111111111100011001010010
000000000000000000000000
111111111100010010010110
000000000000000000000000
111111111100001011001101
000000000000000000000000
111111111100000011111001
000000000000000000000000
111111111011111100011000
000000000000000000000000
111111111011110100101010
000000000000000000000000
111111111011101100101111
000000000000000000000000
111111111011100100100110
000000000000000000000000
111111111011011100001110
000000000000000000000000
111111111011010011101000
000000000000000000000000
111111111011001010110011
000000000000000000000000
111111111011000001101110
000000000000000000000000
111111111010111000011010
000000000000000000000000
111111111010101110110100
000000000000000000000000
111111111010100100111110
000000000000000000000000
111111111010011010110101
000000000000000000000000
111111111010010000011010
000000000000000000000000
111111111010000101101100
000000000000000000000000
111111111001111010101011
000000000000000000000000
111111111001101111010100
000000000000000000000000
111111111001100011101001
000000000000000000000000
111111111001010111100111
000000000000000000000000
111111111001001011001110
000000000000000000000000
111111111000111110011101
000000000000000000000000
111111111000110001010010
000000000000000000000000
111111111000100011101110
000000000000000000000000
111111111000010101101111
000000000000000000000000
111111111000000111010011
000000000000000000000000
111111110111111000011001
000000000000000000000000
111111110111101001000000
000000000000000000000000
111111110111011001000111
000000000000000000000000
111111110111001000101011
000000000000000000000000
111111110110110111101011
000000000000000000000000
111111110110100110000101
000000000000000000000000
111111110110010011110111
000000000000000000000000
111111110110000000111111
000000000000000000000000
111111110101101101011011
000000000000000000000000
111111110101011001001000
000000000000000000000000
111111110101000100000011
000000000000000000000000
111111110100101110001010
000000000000000000000000
111111110100010111011000
000000000000000000000000
111111110011111111101011
000000000000000000000000
111111110011100110111111
000000000000000000000000
111111110011001101001111
000000000000000000000000
111111110010110010010111
000000000000000000000000
111111110010010110010001
000000000000000000000000
111111110001111000111000
000000000000000000000000
111111110001011010000111
000000000000000000000000
111111110000111001110101
000000000000000000000000
111111110000010111111011
000000000000000000000000
111111101111110100010001
000000000000000000000000
111111101111001110101101
000000000000000000000000
111111101110100111000101
000000000000000000000000
111111101101111101001100
000000000000000000000000
111111101101010000110110
000000000000000000000000
111111101100100001110010
000000000000000000000000
111111101011101111110000
000000000000000000000000
111111101010111010011011
000000000000000000000000
111111101010000001011110
000000000000000000000000
111111101001000100011101
000000000000000000000000
111111101000000010111100
000000000000000000000000
111111100110111100010110
000000000000000000000000
111111100101110000000010
000000000000000000000000
111111100100011101010001
000000000000000000000000
111111100011000011001000
000000000000000000000000
111111100001100000100011
000000000000000000000000
111111011111110100010000
000000000000000000000000
111111011101111100101000
000000000000000000000000
111111011011110111110010
000000000000000000000000
111111011001100011010011
000000000000000000000000
111111010110111100001001
000000000000000000000000
111111010011111110011110
000000000000000000000000
111111010000100101010010
000000000000000000000000
111111001100101001111110
000000000000000000000000
111111001000000011101010
000000000000000000000000
111111000010100110000010
000000000000000000000000
111110111011111111101011
000000000000000000000000
111110110011110110111000
000000000000000000000000
111110101001100100010011
000000000000000000000000
111110011100001000010101
000000000000000000000000
111110001001110101001010
000000000000000000000000
111101101111011011010010
000000000000000000000000
111101000101111110001001
000000000000000000000000
111011111011011001110100
000000000000000000000000
111001001101011111111010
000000000000000000000000
101011101000001111000100
000000000000000000000000
010100010111110000111100
000000000000000000000000
000110110010100000000110
000000000000000000000000
000100000100100110001100
000000000000000000000000
000010111010000001110111
000000000000000000000000
000010010000100100101110
000000000000000000000000
000001110110001010110110
000000000000000000000000
000001100011110111101011
000000000000000000000000
000001010110011011101101
000000000000000000000000
000001001100001001001000
000000000000000000000000
000001000100000000010101
000000000000000000000000
000000111101011001111110
000000000000000000000000
000000110111111100010110
000000000000000000000000
000000110011010110000010
000000000000000000000000
000000101111011010101110
000000000000000000000000
000000101100000001100010
000000000000000000000000
000000101001000011110111
000000000000000000000000
000000100110011100101101
000000000000000000000000
000000100100001000001110
000000000000000000000000
000000100010000011011000
000000000000000000000000
000000100000001011110000
000000000000000000000000
000000011110011111011101
000000000000000000000000
000000011100111100111000
000000000000000000000000
000000011011100010101111
000000000000000000000000
000000011010001111111110
000000000000000000000000
000000011001000011101010
000000000000000000000000
000000010111111101000100
000000000000000000000000
000000010110111011100011
000000000000000000000000
000000010101111110100010
000000000000000000000000
000000010101000101100101
000000000000000000000000
000000010100010000010000
000000000000000000000000
000000010011011110001110
000000000000000000000000
000000010010101111001010
000000000000000000000000
000000010010000010110100
000000000000000000000000
000000010001011000111011
000000000000000000000000
000000010000110001010011
000000000000000000000000
000000010000001011101111
000000000000000000000000
000000001111101000000101
000000000000000000000000
000000001111000110001011
000000000000000000000000
000000001110100101111001
000000000000000000000000
000000001110000111001000
000000000000000000000000
000000001101101001101111
000000000000000000000000
000000001101001101101001
000000000000000000000000
000000001100110010110001
000000000000000000000000
000000001100011001000001
000000000000000000000000
000000001100000000010101
000000000000000000000000
000000001011101000101000
000000000000000000000000
000000001011010001110110
000000000000000000000000
000000001010111011111101
000000000000000000000000
000000001010100110111000
000000000000000000000000
000000001010010010100101
000000000000000000000000
000000001001111111000001
000000000000000000000000
000000001001101100001001
000000000000000000000000
000000001001011001111011
000000000000000000000000
000000001001001000010101
000000000000000000000000
000000001000110111010101
000000000000000000000000
000000001000100110111001
000000000000000000000000
000000001000010111000000
000000000000000000000000
000000001000000111100111
000000000000000000000000
000000000111111000101101
000000000000000000000000
000000000111101010010001
000000000000000000000000
000000000111011100010010
000000000000000000000000
000000000111001110101110
000000000000000000000000
000000000111000001100011
000000000000000000000000
000000000110110100110010
000000000000000000000000
000000000110101000011001
000000000000000000000000
000000000110011100010111
000000000000000000000000
000000000110010000101100
000000000000000000000000
000000000110000101010101
000000000000000000000000
000000000101111010010100
000000000000000000000000
000000000101101111100110
000000000000000000000000
000000000101100101001011
000000000000000000000000
000000000101011011000010
000000000000000000000000
000000000101010001001100
000000000000000000000000
000000000101000111100110
000000000000000000000000
000000000100111110010010
000000000000000000000000
000000000100110101001101
000000000000000000000000
000000000100101100011000
000000000000000000000000
000000000100100011110010
000000000000000000000000
000000000100011011011010
000000000000000000000000
000000000100010011010001
000000000000000000000000
000000000100001011010110
000000000000000000000000
000000000100000011101000
000000000000000000000000
000000000011111100000111
000000000000000000000000
000000000011110100110011
000000000000000000000000
000000000011101101101010
000000000000000000000000
000000000011100110101110
000000000000000000000000
000000000011011111111101
000000000000000000000000
000000000011011001011000
000000000000000000000000
000000000011010010111110
000000000000000000000000
000000000011001100101110
000000000000000000000000
000000000011000110101000
000000000000000000000000
000000000011000000101101
000000000000000000000000
000000000010111010111100
000000000000000000000000
000000000010110101010100
000000000000000000000000
000000000010101111110110
000000000000000000000000
000000000010101010100001
000000000000000000000000
000000000010100101010100
000000000000000000000000
000000000010100000010001
000000000000000000000000
000000000010011011010110
000000000000000000000000
000000000010010110100011
000000000000000000000000
000000000010010001111000
000000000000000000000000
000000000010001101010101
000000000000000000000000
000000000010001000111010
000000000000000000000000
000000000010000100100111
000000000000000000000000
000000000010000000011011
000000000000000000000000
000000000001111100010101
000000000000000000000000
000000000001111000010111
000000000000000000000000
000000000001110100100000
000000000000000000000000
000000000001110000110000
000000000000000000000000
000000000001101101000110
000000000000000000000000
000000000001101001100010
000000000000000000000000
000000000001100110000101
000000000000000000000000
000000000001100010101110
000000000000000000000000
000000000001011111011100
000000000000000000000000
000000000001011100010001
000000000000000000000000
000000000001011001001011
000000000000000000000000
000000000001010110001011
000000000000000000000000
000000000001010011010000
000000000000000000000000
000000000001010000011011
000000000000000000000000
000000000001001101101010
000000000000000000000000
000000000001001010111111
000000000000000000000000
000000000001001000011000
000000000000000000000000
000000000001000101110111
000000000000000000000000
000000000001000011011010
000000000000000000000000
000000000001000001000010
000000000000000000000000
000000000000111110101110
000000000000000000000000
000000000000111100011111
000000000000000000000000
000000000000111010010011
000000000000000000000000
000000000000111000001100
000000000000000000000000
000000000000110110001010
000000000000000000000000
000000000000110100001011
000000000000000000000000
000000000000110010010000
000000000000000000000000
000000000000110000011000
000000000000000000000000
000000000000101110100101
000000000000000000000000
000000000000101100110101
000000000000000000000000
000000000000101011001000
000000000000000000000000
000000000000101001011111
000000000000000000000000
000000000000100111111010
000000000000000000000000
000000000000100110010111
000000000000000000000000
000000000000100100111000
000000000000000000000000
000000000000100011011100
000000000000000000000000
000000000000100010000011
000000000000000000000000
000000000000100000101100
000000000000000000000000
000000000000011111011001
000000000000000000000000
000000000000011110001000
000000000000000000000000
000000000000011100111010
000000000000000000000000
000000000000011011101111
000000000000000000000000
000000000000011010100111
000000000000000000000000
000000000000011001100000
000000000000000000000000
000000000000011000011101
000000000000000000000000
000000000000010111011011
000000000000000000000000
000000000000010110011100
000000000000000000000000
000000000000010101011111
000000000000000000000000
000000000000010100100100
000000000000000000000000
000000000000010011101100
000000000000000000000000
000000000000010010110101
000000000000000000000000
000000000000010010000001
000000000000000000000000
000000000000010001001110
000000000000000000000000
000000000000010000011101
000000000000000000000000
000000000000001111101110
000000000000000000000000
000000000000001111000001
000000000000000000000000
000000000000001110010110
000000000000000000000000
000000000000001101101100
000000000000000000000000
000000000000001101000100
000000000000000000000000
000000000000001100011101
000000000000000000000000
000000000000001011111000
000000000000000000000000
000000000000001011010100
000000000000000000000000
000000000000001010110010
000000000000000000000000
000000000000001010010001
000000000000000000000000
000000000000001001110001
000000000000000000000000
000000000000001001010011
000000000000000000000000
000000000000001000110110
000000000000000000000000
000000000000001000011010
000000000000000000000000
000000000000000111111111
000000000000000000000000
000000000000000111100110
000000000000000000000000
000000000000000111001101
000000000000000000000000
000000000000000110110110
000000000000000000000000
000000000000000110011111
000000000000000000000000
000000000000000110001010
000000000000000000000000
000000000000000101110101
000000000000000000000000
000000000000000101100010
000000000000000000000000
000000000000000101001111
000000000000000000000000
000000000000000100111101
000000000000000000000000
000000000000000100101100
000000000000000000000000
000000000000000100011100
000000000000000000000000
000000000000000100001100
000000000000000000000000
000000000000000011111101
000000000000000000000000
000000000000000011101111
000000000000000000000000
000000000000000011100010
000000000000000000000000
000000000000000011010101
000000000000000000000000
000000000000000011001001
000000000000000000000000
000000000000000010111101
000000000000000000000000
000000000000000010110010
000000000000000000000000
000000000000000010101000
000000000000000000000000
000000000000000010011110
000000000000000000000000
000000000000000010010100
000000000000000000000000
000000000000000010001011
000000000000000000000000
000000000000000010000011
000000000000000000000000
000000000000000001111011
000000000000000000000000
000000000000000001110011
000000000000000000000000
000000000000000001101100
000000000000000000000000
000000000000000001100101
000000000000000000000000
000000000000000001011111
000000000000000000000000
000000000000000001011000
000000000000000000000000
000000000000000001010011
000000000000000000000000
000000000000000001001101
000000000000000000000000
000000000000000001001000
000000000000000000000000
000000000000000001000011
000000000000000000000000
000000000000000000111111
000000000000000000000000
000000000000000000111010
000000000000000000000000
000000000000000000110110
000000000000000000000000
000000000000000000110010
000000000000000000000000
000000000000000000101111
000000000000000000000000
000000000000000000101011
000000000000000000000000
000000000000000000101000
000000000000000000000000
000000000000000000100101
000000000000000000000000
000000000000000000100010
000000000000000000000000
000000000000000000100000
000000000000000000000000
000000000000000000011101
000000000000000000000000
000000000000000000011011
000000000000000000000000
000000000000000000011001
000000000000000000000000
000000000000000000010111
000000000000000000000000
000000000000000000010101
000000000000000000000000
000000000000000000010011
000000000000000000000000
000000000000000000010010
000000000000000000000000
000000000000000000010000
000000000000000000000000
000000000000000000001111
000000000000000000000000
000000000000000000001110
000000000000000000000000
000000000000000000001100
000000000000000000000000
000000000000000000001011
000000000000000000000000
000000000000000000001010
000000000000000000000000
000000000000000000001001
000000000000000000000000
000000000000000000001000
000000000000000000000000
000000000000000000001000
000000000000000000000000
000000000000000000000111
000000000000000000000000
000000000000000000000110
000000000000000000000000
000000000000000000000110
000000000000000000000000
000000000000000000000101
000000000000000000000000
000000000000000000000100
000000000000000000000000
000000000000000000000100
000000000000000000000000
000000000000000000000100
000000000000000000000000
000000000000000000000011
000000000000000000000000
000000000000000000000011
000000000000000000000000
000000000000000000000010
000000000000000000000000
000000000000000000000010
000000000000000000000000
000000000000000000000010
000000000000000000000000
000000000000000000000010
000000000000000000000000
000000000000000000000001
000000000000000000000000
000000000000000000000001
000000000000000000000000
000000000000000000000001
000000000000000000000000
000000000000000000000001
000000000000000000000000
000000000000000000000001
000000000000000000000000
000000000000000000000001
000000000000000000000000
000000000000000000000001
000000000000000000000000
000000000000000000000000
000000000000000000000000
000000000000000000000010
