000000000000000000
000000000000000000
111111111111111111
111111111111111111
111111111111111111
000000000000000000
000000000000000000
000000000000000000
000000000000000000
000000000000000000
000000000000000000
111111111111111111
111111111111111111
111111111111111111
111111111111111111
000000000000000000
000000000000000000
000000000000000000
000000000000000000
000000000000000000
111111111111111111
111111111111111111
111111111111111111
111111111111111111
000000000000000000
000000000000000000
000000000000000000
000000000000000000
000000000000000000
111111111111111111
111111111111111111
111111111111111111
111111111111111111
000000000000000000
000000000000000000
000000000000000000
000000000000000000
000000000000000000
111111111111111111
111111111111111111
111111111111111111
111111111111111111
111111111111111111
000000000000000000
000000000000000000
000000000000000000
000000000000000000
111111111111111111
111111111111111111
111111111111111111
111111111111111111
111111111111111111
000000000000000000
000000000000000000
000000000000000000
000000000000000000
000000000000000000
111111111111111111
111111111111111111
111111111111111111
111111111111111111
000000000000000000
000000000000000000
000000000000000000
000000000000000000
000000000000000000
111111111111111111
111111111111111111
111111111111111111
111111111111111111
000000000000000000
000000000000000000
000000000000000000
000000000000000000
000000000000000000
111111111111111111
111111111111111111
111111111111111110
111111111111111111
111111111111111111
000000000000000000
000000000000000001
000000000000000001
000000000000000000
111111111111111111
111111111111111111
111111111111111110
111111111111111110
111111111111111111
000000000000000000
000000000000000001
000000000000000001
000000000000000001
000000000000000000
111111111111111111
111111111111111110
111111111111111110
111111111111111110
000000000000000000
000000000000000001
000000000000000010
000000000000000010
000000000000000000
111111111111111111
111111111111111101
111111111111111101
111111111111111101
111111111111111111
000000000000000001
000000000000000011
000000000000000011
000000000000000001
111111111111111111
111111111111111101
111111111111111100
111111111111111100
111111111111111110
000000000000000001
000000000000000011
000000000000000100
000000000000000011
000000000000000000
111111111111111101
111111111111111011
111111111111111011
111111111111111101
000000000000000001
000000000000000100
000000000000000101
000000000000000100
000000000000000001
111111111111111101
111111111111111010
111111111111111001
111111111111111011
000000000000000000
000000000000000100
000000000000000111
000000000000000111
000000000000000011
111111111111111101
111111111111111001
111111111111110111
111111111111111001
111111111111111110
000000000000000100
000000000000001001
000000000000001001
000000000000000110
111111111111111111
111111111111111000
111111111111110100
111111111111110101
111111111111111011
000000000000000011
000000000000001010
000000000000001100
000000000000001001
000000000000000001
111111111111111000
111111111111110010
111111111111110001
111111111111110111
000000000000000001
000000000000001011
000000000000010000
000000000000001110
000000000000000101
111111111111111001
111111111111110000
111111111111101101
111111111111110010
111111111111111110
000000000000001011
000000000000010011
000000000000010011
000000000000001010
111111111111111100
111111111111101111
111111111111101000
111111111111101100
111111111111111001
000000000000001001
000000000000010110
000000000000011001
000000000000010001
000000000000000000
111111111111101111
111111111111100100
111111111111100101
111111111111110010
000000000000000110
000000000000011000
000000000000100000
000000000000011001
000000000000000111
111111111111110001
111111111111100000
111111111111011100
111111111111101001
000000000000000000
000000000000011000
000000000000100110
000000000000100011
000000000000010000
111111111111110101
111111111111011101
111111111111010100
111111111111011110
111111111111110111
000000000000010110
000000000000101100
000000000000101110
000000000000011100
111111111111111100
111111111111011100
111111111111001011
111111111111010000
111111111111101011
000000000000010001
000000000000110000
000000000000111010
000000000000101011
000000000000000111
111111111111011111
111111111111000011
111111111111000010
111111111111011100
000000000000000111
000000000000110001
000000000001000110
000000000000111100
000000000000010111
111111111111100101
111111111110111110
111111111110110010
111111111111001001
111111111111111001
000000000000101110
000000000001010000
000000000001010000
000000000000101011
111111111111110001
111111111110111011
111111111110100010
111111111110110010
111111111111100110
000000000000100110
000000000001011000
000000000001100100
000000000001000011
000000000000000011
111111111110111110
111111111110010100
111111111110011001
111111111111001100
000000000000011000
000000000001011100
000000000001111000
000000000001100000
000000000000011011
111111111111000111
111111111110001010
111111111101111111
111111111110101101
000000000000000010
000000000001011001
000000000010001011
000000000010000000
000000000000111011
111111111111011000
111111111110000100
111111111101100100
111111111110001001
111111111111100100
000000000001001111
000000000010011010
000000000010100010
000000000001100010
111111111111110011
111111111110000110
111111111101001100
111111111101100000
111111111110111101
000000000000111010
000000000010100010
000000000011000100
000000000010001111
000000000000011000
111111111110010010
111111111100111000
111111111100110101
111111111110001100
000000000000011010
000000000010100001
000000000011100100
000000000011000010
000000000001001001
111111111110101010
111111111100101100
111111111100001001
111111111101010100
111111111111101101
000000000010010100
000000000011111110
000000000011111001
000000000010000100
111111111111010000
111111111100101100
111111111011100001
111111111100010100
111111111110110010
000000000001111000
000000000100001111
000000000100110000
000000000011001010
000000000000000110
111111111100111001
111111111010111110
111111111011001111
111111111101101001
000000000001001011
000000000100010010
000000000101100101
000000000100011001
000000000001001110
111111111101011001
111111111010100111
111111111010001010
111111111100010011
000000000000001011
000000000100000101
000000000110010010
000000000101101111
000000000010100110
111111111110001101
111111111010011111
111111111001000111
111111111010110010
111111111110110101
000000000011100010
000000000110110010
000000000111000110
000000000100001111
111111111111011001
111111111010101011
111111111000001100
111111111001001000
111111111101001010
000000000010100110
000000000111000001
000000001000011011
000000000110000111
000000000000111111
111111111011010001
111111110111100000
111111110111011010
111111111011001011
000000000001001100
000000000110110111
000000001001100111
000000001000001010
000000000010111111
111111111100010110
111111110111001000
111111110101101111
111111111000111000
111111111111010100
000000000110001111
000000001010100100
000000001010010011
000000000101011010
111111111101111101
111111110111001101
111111110100001011
111111110110010111
111111111100111010
000000000101000010
000000001011001001
000000001100011100
000000001000001101
000000000000001011
111111110111110101
111111110010111001
111111110011101011
111111111001111111
000000000011001011
000000001011001101
000000001110011101
000000001011010101
000000000011000011
111111111001001010
111111110010000010
111111110000111100
111111110110100100
000000000000100100
000000001010100111
000000010000001101
000000001110101101
000000000110100101
111111111011010001
111111110001101111
111111101110010011
111111110010101011
111111111101001001
000000001001001101
000000010001100000
000000010010001110
000000001010110011
111111111110010100
111111110010001101
111111101011111001
111111101110011001
111111111000110110
000000000110110101
000000010010001011
000000010101101111
000000001111101011
000000000010011001
111111110011101000
111111101001111100
111111101001110100
111111110011101000
000000000011010010
000000010001111111
000000011001000110
000000010101001100
000000000111101010
111111110110010000
111111101000101001
111111100101000010
111111101101011010
111111111110011001
000000010000101010
000000011100000101
000000011011010011
000000001110010000
111111111010010101
111111101000010001
111111100000001101
111111100110001000
111111110111110111
000000001101111001
000000011110100000
000000100010000000
000000010110011000
000000000000010000
111111101001001011
111111011011011101
111111011101101001
111111101111010110
000000001001010000
000000100000000001
000000101001010100
000000100000011001
000000001000100001
111111101011110011
111111010110111100
111111010011101011
111111100100001111
000000000010000011
000000100000010010
000000110001010110
000000101100111100
000000010100000011
111111110000111000
111111010010110100
111111000111101010
111111010101011010
111111110111001001
000000011110101011
000000111010011101
000000111101010011
000000100100100000
111111111001101100
111111001111001101
111110111000010011
111111000000100011
111111100110001101
000000011010000110
000001000101100111
000001010100011001
000000111101101100
000000001001000101
111111001100010000
111110100010010011
111110011111111000
111111001001011101
000000001111111000
000001010101100011
000001111010011101
000001101010011001
000000100111001010
111111001010000100
111101111011000010
111101100000010100
111110001101001010
111111110110110000
000001110101001011
000011010000110101
000011011000110010
000001111001001000
111111001000101110
111100000111011101
111010001100000011
111010100110110100
111110000010111111
000100010010010101
001100001010110111
010011111001000000
011001100001000001
011011100100101101
011001100001000001
010011111001000000
001100001010110111
000100010010010101
111110000010111111
111010100110110100
111010001100000011
111100000111011101
111111001000101110
000001111001001000
000011011000110010
000011010000110101
000001110101001011
111111110110110000
111110001101001010
111101100000010100
111101111011000010
111111001010000100
000000100111001010
000001101010011001
000001111010011101
000001010101100011
000000001111111000
111111001001011101
111110011111111000
111110100010010011
111111001100010000
000000001001000101
000000111101101100
000001010100011001
000001000101100111
000000011010000110
111111100110001101
111111000000100011
111110111000010011
111111001111001101
111111111001101100
000000100100100000
000000111101010011
000000111010011101
000000011110101011
111111110111001001
111111010101011010
111111000111101010
111111010010110100
111111110000111000
000000010100000011
000000101100111100
000000110001010110
000000100000010010
000000000010000011
111111100100001111
111111010011101011
111111010110111100
111111101011110011
000000001000100001
000000100000011001
000000101001010100
000000100000000001
000000001001010000
111111101111010110
111111011101101001
111111011011011101
111111101001001011
000000000000010000
000000010110011000
000000100010000000
000000011110100000
000000001101111001
111111110111110111
111111100110001000
111111100000001101
111111101000010001
111111111010010101
000000001110010000
000000011011010011
000000011100000101
000000010000101010
111111111110011001
111111101101011010
111111100101000010
111111101000101001
111111110110010000
000000000111101010
000000010101001100
000000011001000110
000000010001111111
000000000011010010
111111110011101000
111111101001110100
111111101001111100
111111110011101000
000000000010011001
000000001111101011
000000010101101111
000000010010001011
000000000110110101
111111111000110110
111111101110011001
111111101011111001
111111110010001101
111111111110010100
000000001010110011
000000010010001110
000000010001100000
000000001001001101
111111111101001001
111111110010101011
111111101110010011
111111110001101111
111111111011010001
000000000110100101
000000001110101101
000000010000001101
000000001010100111
000000000000100100
111111110110100100
111111110000111100
111111110010000010
111111111001001010
000000000011000011
000000001011010101
000000001110011101
000000001011001101
000000000011001011
111111111001111111
111111110011101011
111111110010111001
111111110111110101
000000000000001011
000000001000001101
000000001100011100
000000001011001001
000000000101000010
111111111100111010
111111110110010111
111111110100001011
111111110111001101
111111111101111101
000000000101011010
000000001010010011
000000001010100100
000000000110001111
111111111111010100
111111111000111000
111111110101101111
111111110111001000
111111111100010110
000000000010111111
000000001000001010
000000001001100111
000000000110110111
000000000001001100
111111111011001011
111111110111011010
111111110111100000
111111111011010001
000000000000111111
000000000110000111
000000001000011011
000000000111000001
000000000010100110
111111111101001010
111111111001001000
111111111000001100
111111111010101011
111111111111011001
000000000100001111
000000000111000110
000000000110110010
000000000011100010
111111111110110101
111111111010110010
111111111001000111
111111111010011111
111111111110001101
000000000010100110
000000000101101111
000000000110010010
000000000100000101
000000000000001011
111111111100010011
111111111010001010
111111111010100111
111111111101011001
000000000001001110
000000000100011001
000000000101100101
000000000100010010
000000000001001011
111111111101101001
111111111011001111
111111111010111110
111111111100111001
000000000000000110
000000000011001010
000000000100110000
000000000100001111
000000000001111000
111111111110110010
111111111100010100
111111111011100001
111111111100101100
111111111111010000
000000000010000100
000000000011111001
000000000011111110
000000000010010100
111111111111101101
111111111101010100
111111111100001001
111111111100101100
111111111110101010
000000000001001001
000000000011000010
000000000011100100
000000000010100001
000000000000011010
111111111110001100
111111111100110101
111111111100111000
111111111110010010
000000000000011000
000000000010001111
000000000011000100
000000000010100010
000000000000111010
111111111110111101
111111111101100000
111111111101001100
111111111110000110
111111111111110011
000000000001100010
000000000010100010
000000000010011010
000000000001001111
111111111111100100
111111111110001001
111111111101100100
111111111110000100
111111111111011000
000000000000111011
000000000010000000
000000000010001011
000000000001011001
000000000000000010
111111111110101101
111111111101111111
111111111110001010
111111111111000111
000000000000011011
000000000001100000
000000000001111000
000000000001011100
000000000000011000
111111111111001100
111111111110011001
111111111110010100
111111111110111110
000000000000000011
000000000001000011
000000000001100100
000000000001011000
000000000000100110
111111111111100110
111111111110110010
111111111110100010
111111111110111011
111111111111110001
000000000000101011
000000000001010000
000000000001010000
000000000000101110
111111111111111001
111111111111001001
111111111110110010
111111111110111110
111111111111100101
000000000000010111
000000000000111100
000000000001000110
000000000000110001
000000000000000111
111111111111011100
111111111111000010
111111111111000011
111111111111011111
000000000000000111
000000000000101011
000000000000111010
000000000000110000
000000000000010001
111111111111101011
111111111111010000
111111111111001011
111111111111011100
111111111111111100
000000000000011100
000000000000101110
000000000000101100
000000000000010110
111111111111110111
111111111111011110
111111111111010100
111111111111011101
111111111111110101
000000000000010000
000000000000100011
000000000000100110
000000000000011000
000000000000000000
111111111111101001
111111111111011100
111111111111100000
111111111111110001
000000000000000111
000000000000011001
000000000000100000
000000000000011000
000000000000000110
111111111111110010
111111111111100101
111111111111100100
111111111111101111
000000000000000000
000000000000010001
000000000000011001
000000000000010110
000000000000001001
111111111111111001
111111111111101100
111111111111101000
111111111111101111
111111111111111100
000000000000001010
000000000000010011
000000000000010011
000000000000001011
111111111111111110
111111111111110010
111111111111101101
111111111111110000
111111111111111001
000000000000000101
000000000000001110
000000000000010000
000000000000001011
000000000000000001
111111111111110111
111111111111110001
111111111111110010
111111111111111000
000000000000000001
000000000000001001
000000000000001100
000000000000001010
000000000000000011
111111111111111011
111111111111110101
111111111111110100
111111111111111000
111111111111111111
000000000000000110
000000000000001001
000000000000001001
000000000000000100
111111111111111110
111111111111111001
111111111111110111
111111111111111001
111111111111111101
000000000000000011
000000000000000111
000000000000000111
000000000000000100
000000000000000000
111111111111111011
111111111111111001
111111111111111010
111111111111111101
000000000000000001
000000000000000100
000000000000000101
000000000000000100
000000000000000001
111111111111111101
111111111111111011
111111111111111011
111111111111111101
000000000000000000
000000000000000011
000000000000000100
000000000000000011
000000000000000001
111111111111111110
111111111111111100
111111111111111100
111111111111111101
111111111111111111
000000000000000001
000000000000000011
000000000000000011
000000000000000001
111111111111111111
111111111111111101
111111111111111101
111111111111111101
111111111111111111
000000000000000000
000000000000000010
000000000000000010
000000000000000001
000000000000000000
111111111111111110
111111111111111110
111111111111111110
111111111111111111
000000000000000000
000000000000000001
000000000000000001
000000000000000001
000000000000000000
111111111111111111
111111111111111110
111111111111111110
111111111111111111
111111111111111111
000000000000000000
000000000000000001
000000000000000001
000000000000000000
111111111111111111
111111111111111111
111111111111111110
111111111111111111
111111111111111111
000000000000000000
000000000000000000
000000000000000000
000000000000000000
000000000000000000
111111111111111111
111111111111111111
111111111111111111
111111111111111111
000000000000000000
000000000000000000
000000000000000000
000000000000000000
000000000000000000
111111111111111111
111111111111111111
111111111111111111
111111111111111111
000000000000000000
000000000000000000
000000000000000000
000000000000000000
000000000000000000
111111111111111111
111111111111111111
111111111111111111
111111111111111111
111111111111111111
000000000000000000
000000000000000000
000000000000000000
000000000000000000
111111111111111111
111111111111111111
111111111111111111
111111111111111111
111111111111111111
000000000000000000
000000000000000000
000000000000000000
000000000000000000
000000000000000000
111111111111111111
111111111111111111
111111111111111111
111111111111111111
000000000000000000
000000000000000000
000000000000000000
000000000000000000
000000000000000000
111111111111111111
111111111111111111
111111111111111111
111111111111111111
000000000000000000
000000000000000000
000000000000000000
000000000000000000
000000000000000000
111111111111111111
111111111111111111
111111111111111111
111111111111111111
000000000000000000
000000000000000000
000000000000000000
000000000000000000
000000000000000000
000000000000000000
111111111111111111
111111111111111111
111111111111111111
000000000000000000
000000000000000000
