000000000000000000000110
000000000000000000001010
000000000000000000001011
111111111111111111111100
111111111111111111011110
111111111111111111000000
111111111111111111000111
000000000000000000010000
000000000000000010001101
000000000000000011110000
000000000000000011001001
111111111111111111001111
111111111111111001001101
111111111111110100111000
111111111111110111000011
000000000000000001111100
000000000000010001100111
000000000000011100000011
000000000000010110000001
111111111111111011110000
111111111111010111101110
111111111111000001000111
111111111111001111011110
000000000000001000011100
000000000001010011101001
000000000010000000101011
000000000001100010001000
111111111111110000101011
111111111101011111010111
111111111100001011011100
111111111101000111001000
000000000000011001110110
000000000100100001010101
000000000110110101000110
000000000101001000011100
111111111111010111001000
111111111000010010010101
111111110100011010010000
111111110111010100110110
000000000000111101000000
000000001100100100101110
000000010010110100110111
000000001110000011110110
111111111110101001101000
111111101100010001011010
111111100010100000101100
111111101001111110111111
000000000001110100100100
000000011110000001000010
000000101100111000100010
000000100001100100000010
111111111101101001101010
111111010011010101111011
111110111101000010010100
111111001101101110000001
000000000010111001110011
000001000001101011010110
000001100011000110001111
000001001010111111110001
111111111100100011100101
111110011110111100010100
111101101011110010101011
111110001110001100111111
000000000011111011011010
000010010100011110111101
000011101000001010110000
000010110111100000001000
111111111011101100000010
111100000100000010001000
111001011111001001110001
111010011100111100010101
000000000100100011110001
001001100011011111110111
010100010001110001110000
011100101110011011111001
011111111011010110110000
011100101110011011111001
010100010001110001110000
001001100011011111110111
000000000100100011110001
111010011100111100010101
111001011111001001110001
111100000100000010001000
111111111011101100000010
000010110111100000001000
000011101000001010110000
000010010100011110111101
000000000011111011011010
111110001110001100111111
111101101011110010101011
111110011110111100010100
111111111100100011100101
000001001010111111110001
000001100011000110001111
000001000001101011010110
000000000010111001110011
111111001101101110000001
111110111101000010010100
111111010011010101111011
111111111101101001101010
000000100001100100000010
000000101100111000100010
000000011110000001000010
000000000001110100100100
111111101001111110111111
111111100010100000101100
111111101100010001011010
111111111110101001101000
000000001110000011110110
000000010010110100110111
000000001100100100101110
000000000000111101000000
111111110111010100110110
111111110100011010010000
111111111000010010010101
111111111111010111001000
000000000101001000011100
000000000110110101000110
000000000100100001010101
000000000000011001110110
111111111101000111001000
111111111100001011011100
111111111101011111010111
111111111111110000101011
000000000001100010001000
000000000010000000101011
000000000001010011101001
000000000000001000011100
111111111111001111011110
111111111111000001000111
111111111111010111101110
111111111111111011110000
000000000000010110000001
000000000000011100000011
000000000000010001100111
000000000000000001111100
111111111111110111000011
111111111111110100111000
111111111111111001001101
111111111111111111001111
000000000000000011001001
000000000000000011110000
000000000000000010001101
000000000000000000010000
111111111111111111000111
111111111111111111000000
111111111111111111011110
111111111111111111111100
000000000000000000001011
000000000000000000001010
000000000000000000000110
