111111111111111111110111
111111111111111111110001
111111111111111111100111
111111111111111111011011
111111111111111111001100
111111111111111110111111
111111111111111110110111
111111111111111110111001
111111111111111111010001
000000000000000000001100
000000000000000001111000
000000000000000100101101
000000000000001001000000
000000000000001111010000
000000000000010111111001
000000000000100011011001
000000000000110010001010
000000000001000100100001
000000000001011010100111
000000000001110100010111
000000000010010001010110
000000000010110000101111
000000000011010001001000
000000000011110000100100
000000000100001100010111
000000000100100001000110
000000000100101010101000
000000000100100011111111
000000000100000111100110
000000000011001111010010
000000000001110100100011
111111111111110000110011
111111111100111101101101
111111111001010101100110
111111110100110011111100
111111101111010101111010
111111101000111010110111
111111100001100101000001
111111011001011001111100
111111010000100011001001
111111000111001110011101
111110111101101110011111
111110110100011010101111
111110101011101111101100
111110100100001110100111
111110011110011101001111
111110011011000101000111
111110011010110010101111
111110011110010100100001
111110100110011001011011
111110110011101111100001
111111000111000010010011
111111100000111000111101
000000000001110100100100
000000101010001110011010
000001011010010110001101
000010010010010000101101
000011010001110110011010
000100011000110010101010
000101100110100011000110
000110111010010111011111
001000010011010010000101
001001110000001000011011
001011001111100100100101
001100110000000110111100
001110010000001000001110
001111101101111100001001
010001000111110100000000
010010011100000001110011
010011101000111011001010
010100101100111100011111
010101100110101011101111
010110010100111011010000
010110110110101011111110
010111001011001111011001
010111010010001001000011
010111001011001111011001
010110110110101011111110
010110010100111011010000
010101100110101011101111
010100101100111100011111
010011101000111011001010
010010011100000001110011
010001000111110100000000
001111101101111100001001
001110010000001000001110
001100110000000110111100
001011001111100100100101
001001110000001000011011
001000010011010010000101
000110111010010111011111
000101100110100011000110
000100011000110010101010
000011010001110110011010
000010010010010000101101
000001011010010110001101
000000101010001110011010
000000000001110100100100
111111100000111000111101
111111000111000010010011
111110110011101111100001
111110100110011001011011
111110011110010100100001
111110011010110010101111
111110011011000101000111
111110011110011101001111
111110100100001110100111
111110101011101111101100
111110110100011010101111
111110111101101110011111
111111000111001110011101
111111010000100011001001
111111011001011001111100
111111100001100101000001
111111101000111010110111
111111101111010101111010
111111110100110011111100
111111111001010101100110
111111111100111101101101
111111111111110000110011
000000000001110100100011
000000000011001111010010
000000000100000111100110
000000000100100011111111
000000000100101010101000
000000000100100001000110
000000000100001100010111
000000000011110000100100
000000000011010001001000
000000000010110000101111
000000000010010001010110
000000000001110100010111
000000000001011010100111
000000000001000100100001
000000000000110010001010
000000000000100011011001
000000000000010111111001
000000000000001111010000
000000000000001001000000
000000000000000100101101
000000000000000001111000
000000000000000000001100
111111111111111111010001
111111111111111110111001
111111111111111110110111
111111111111111110111111
111111111111111111001100
111111111111111111011011
111111111111111111100111
111111111111111111110001
111111111111111111110111
